  0.0599999999999995     0.055830390090234 
  0.0631494740588755    0.0585438298347927 
  0.0664642678985452    0.0613777118867668 
  0.0699530593583561     0.064336208408369 
  0.0736249817881587    0.0674235122263885 
  0.0774896479586109    0.0706438214407818 
  0.0815571752265622    0.0740013221343276 
  0.0858382120214166    0.0775001690547964 
  0.0903439657217812    0.0811444641412676 
  0.0950862319953934    0.0849382327682537 
   0.100077425679157    0.0888853975849337 
   0.105330613280085    0.0929897498330207 
   0.110859547182271     0.097254918035506 
   0.116678701649427     0.101684333959803 
   0.122803310717232     0.106281195774193 
     0.1292494080747     0.111048428334753 
   0.136033869038973     0.115988640562788 
   0.143174454733421     0.121104079900251 
   0.150689858584699     0.126396583862579 
   0.158599755260504     0.131867528746255 
   0.166924852176123     0.137517775591531 
   0.175686943704631     0.143347613550187 
   0.184908968232648      0.14935670086408 
   0.194615068211021     0.155544003722492 
   0.204830653357639     0.161907733335512 
   0.215582467177849     0.168445281636487 
   0.226898656976603     0.175153156109271 
   0.238808847545632      0.18202691432469 
   0.251344218718552     0.189061098865514 
   0.264537586996929     0.196249173418865 
   0.278423491461006     0.203583460918721 
   0.293038284189978     0.211055084727344 
   0.308420225428544     0.218653913951239 
   0.324609583748879     0.226368514092303 
   0.341648741470209     0.234186104335141 
   0.359582305612013      0.24209252286392 
   0.378457224671281     0.250072201681908 
   0.398322911529557     0.258108152469884 
   0.419231372811532     0.266181965060035 
   0.441237345033817     0.274273820113835 
   0.464398437900344     0.282362517569283 
   0.488775285119509      0.29042552235804 
   0.514431703137906     0.298439028779165 
   0.541434858206182     0.306378044747476 
   0.569855442214379     0.314216496904536 
    0.59976785775711     0.321927357285173 
   0.631250412913015     0.329482791869598 
   0.664385526248421     0.336854330920932 
   0.699259942581955     0.344013060514384 
   0.735964960074856     0.350929834114732 
    0.77459666924148     0.357575502466046 
   0.815256204505943     0.363921159438281 
   0.858050008963116     0.369938400851214 
   0.903090113037244     0.375599592692968 
   0.950494427767881     0.380878144596433 
    1.00038705349059      0.38574878396238 
    1.05289860472066     0.390187825753169 
    1.10816655209059     0.394173432752406 
    1.16633558223598     0.397685861016663 
    1.22755797657258     0.400707685350998 
    1.29199400995564     0.403223999927382 
    1.35981237026528     0.405222589631642 
    1.43119060001677     0.406694068356981 
    1.50631556115114      0.40763198123763 
    1.58538392422325     0.408032868703533 
    1.66860268326825     0.407896291198003 
     1.7561896976937      0.40722481439344 
    1.84837426261622     0.406023955722431 
    1.94539770913629     0.404302093972172 
    2.04751403612169     0.402070344532031 
    2.15499057515419     0.399342403607746 
    2.26810869038042     0.396134365298711 
    2.38716451509816     0.392464515863831 
    2.51246972700767     0.388353109771614 
    2.64435236415643      0.38382213224499 
    2.78315768371373      0.37889505298082 
    2.92924906582403     0.373596575564015 
     3.0830089649041      0.36795238682606 
    3.24483991087489     0.361988910039429 
    3.41516556294999      0.35573306541538 
    3.59443181873803     0.349212040905238 
    3.78310798156327     0.342453075814857 
    3.98168798906103     0.335483259247033 
    4.19069170626246     0.328329344902861 
    4.41066628655613     0.321017583313053 
    4.64218760408737     0.313573572143878 
    4.88586176134585     0.306022124836702 
     5.1423266758894     0.298387157499322 
    5.41225375035585     0.290691593673826 
    5.69634963013586      0.28295728635972 
     5.9953580533092     0.275204956471179 
    6.31006179768553     0.267454146751551 
    6.64128473004744     0.259723190052845 
    6.98989396296234     0.252029190809443 
    7.35680212480657     0.244388018489514 
    7.74296974894594     0.236814311790023 
    8.14940778832891     0.229321492347938 
    8.57718026207131     0.221921786767005 
    9.02740704096626     0.214626255802306 
    9.50126677920711     0.207444829600565 
                  10     0.200386347959311 
