0.0667 
0.0422 
0.0338 
0.0291 
0.0255 
0.0245 
0.0229 
0.0209 
0.0189 
0.0178 
0.0192 
0.0194 
0.0223 
0.0224 
0.0244 
0.0242 
0.0327 
0.0284 
0.0284 
0.0275 
0.0283 
0.0323 
0.0296 
0.0347 
0.0372 
0.0447 
0.0290 
0.0256 
0.0245 
0.0230 
0.0224 
0.0183 
0.0211 
0.0205 
0.0207 
0.0166 
0.0170 
0.0184 
0.0205 
0.0230 
0.0233 
0.0275 
0.0289 
0.0278 
0.0378 
0.0845 
0.0678 
0.0342 
0.0281 
0.0441 
0.0326 
0.0372 
0.0356 
0.0408 
0.0499 
0.0535 
0.0804 
0.0845 
0.1446 
0.1333 
0.1869 
0.4000 
0.1599 
0.0892 
0.0635 
0.0912 
0.0551 
0.0446 
0.0462 
0.0417 
0.0607 
0.0607 
0.0767 
0.0912 
0.1273 
0.1138 
0.1360 
0.3501 
0.3813 
1.1402 
0.3973 
0.2367 
0.2116 
0.2142 
0.1866 
0.2299 
0.2020 
0.2612 
0.2219 
0.2301 
0.9500 
0.4628
