0.0057  
0.0225 
-0.0149 
-0.0132 
-0.0107  
0.0439  
0.0096 
-0.0487 
-0.0619  
0.0198  
-0.0084  
0.0582  
0.0532  
0.0322  
0.0411  
0.0721  
0.1400  
0.0999  
0.0492  
0.0390  
0.0750  
0.0109  
0.0845 
-0.0487  
0.0059  
0.0248  
0.0001  
0.0191  
0.0450  
0.1117  
0.0588  
0.0460  
0.0794  
0.0896  
0.0729  
0.1413  
0.1194  
0.1372  
0.1740  
0.1161  
0.1019  
0.1068  
0.1168  
0.0747  
0.1598  
0.0961  
0.0060  
0.0074  
0.0445  
0.1330  
0.0859  
0.1551  
0.1418  
0.1570  
0.0804  
0.0885  
0.0796  
0.0995 
-0.2520 
-0.0517 
-0.0710 
-0.0407  
0.0186  
0.0441  
0.0387  
0.1356  
0.0720  
0.1798  
0.2119  
0.1092  
0.0930  
0.0422  
0.0140  
0.1141 
-0.0473  
0.0566 
-0.1848 
-0.5993  
0.4532  
0.4471  
0.2069  
0.4517  
0.3608 
-0.1046 
-0.0509 
-0.2954 
-0.0616 
-0.5738 
-0.4595 
-0.8771 
-0.5275 
-1.1004
