0.0068  
0.0117  
0.0154  
0.0192  
0.0237  
0.0284  
0.0331  
0.0436  
0.0668  
0.1101  
0.1581  
0.1991  
0.2433  
0.2790  
0.3172  
0.3564  
0.3998  
0.4383  
0.4876  
0.5435  
0.5989  
0.6671  
0.7833  
0.8912  
1.0386  
1.2949  
0.01376 
0.01970 
0.02603 
0.03432 
0.05863 
0.11585 
0.17641 
0.23664 
0.28563 
0.35740 
0.44228 
0.52328 
0.58521 
0.64596 
0.71506 
0.76831 
0.83455 
0.91428 
1.02478 
1.32375 
0.01165 
0.03231 
0.10263 
0.27094 
0.36235 
0.44353 
0.51734 
0.60119 
0.69209 
0.80419 
0.90584 
0.99577 
1.14750 
1.27500 
1.36667 
1.55100 
0.01536 
0.02986 
0.06467 
0.21600 
0.33167 
0.43777 
0.50223 
0.59268 
0.69855 
0.81217 
0.91862 
0.99863 
1.14975 
1.26625 
1.36667 
1.75500 
0.17000 
0.25000 
0.44000 
0.68000 
0.82857 
1.02000 
1.37625 
1.60200 
2.17375 
2.65857 
3.30000 
4.10429 
4.90000 
6.44500
